"Overall"
2.33708245129797
15.8239141688369
2.80905587327724
5.41910291989313
1.55313994632917
9.29091965233414
1.07918816254457
5.95878926181041
1.24057873133554
0.914355673884941
15.2169731030702
2.30768195838794
0.53536395070168
1.62150541682645
1.24820712199685
2.84439702454167
2.0517159983926
0.067507169968527
6.34637234114604
5.46066920849545
2.60836216044975
4.59305089388512
3.17341608039283
5.80024964509207
1.16877832451768
0.488849039037121
1.66375169081198
1.53418258468226
5.57864689441421
5.06913928052729
6.88741210208895
4.19482650026435
4.53256026998111
34.9349106970892
3.84642393626662
4.61544547969253
3.19532152689479
5.09519911889534
1.59540236662546
3.76208313194901
3.73812874157659
3.16659399840339
2.28801383374517
2.93510204978253
3.7998502242251
3.21335013441001
6.55309073749318
3.98814667631746
1.58739549486684
1.38444757930963
1.33395733956834
1.48136829775059
4.47289946173293
6.22628856316326
4.34724458845653
1.89564426683574
12.0545283284032
1.71537562073576
22.6600923706525
4.61461300881606
5.8119771334879
1.64999961956151
12.9380094530903
1.41529588173776
2.28537186681513
3.07637335441575
3.99649477502237
1.57590608737786
17.0291221119477
16.0514121785397
4.11478796904792
3.76814466796958
1.25068344756778
1.2788959056023
2.11898973190548
1.88909664183454
1.6178304895819
3.15252933809778
27.1727856221196
2.89750305704233
2.42254066526349
60.636693276
0.559746016562808
1.51820447299869
1.53609516808515
5.66066226979837
5.24260783513809
2.47163197369198
1.62648954215268
0.985969383046396
4.10646977639107
1.88041767350103
49.5670039506831
2.74590116438038
1.94028439021193
0.902064386433606
23.0597924829853
1.37845960208427
1.08837569850636
3.40440188241393
51.952178709922
3.10046404799848
1.96050152138522
6.26515880662494
3.23472133773857
9.76462088293649
2.75595238393566
0
4.97209004331614
1.97542504507694
1.71524632929343
1.77629081376163
10.4404693307429
2.30271224921746
0.926556281729979
9.14299105834221
1.32864325767968
7.40434492183192
1.26328660623094
5.65939964967542
8.44288882924573
3.83255105500762
18.3451481718477
1.61468137987031
6.73640607444829
3.43540342353161
1.89093847942691
1.17562266252579
0.713226615895149
0.356185638906656
2.4098990837681
2.92331300128084
38.5312362643856
1.29907848871072
1.79681020950437
100
4.03663500974359
4.28215297350123
0.933491910338052
17.5817164389233
1.72096470830846
2.22618361929872
0.206431024460956
1.10987521330387
0.990442787385531
0.862831503081021
2.58069747129045
2.5026242868357
2.34388716808706
2.80387554505814
4.48283488901871
3.73412206164333
2.12559237366385
9.55693898071874
1.66588873255954
3.02797991084383
2.42193823587524
3.75887025031569
29.7535841696062
5.47047534109633
5.89384139805506
1.91778055847496
1.50420061417498
1.42301569897222
11.439337071957
2.74802165763146
1.3892226719125
4.8537231991464
1.97121944809066
0.366503372567368
0.698283469932469
4.65531418555675
2.48318780816054
0.814503912542103
2.72731783593065
0.871691488228153
1.6573046108324
0.918091227869483
0.912483598456511
3.85020719297187
11.1809395654107
0.838827597673592
21.9495648712859
1.62117271820729
1.34054236467876
0.98709604771305
4.1245790967469
1.0851899003412
1.33219304112931
3.09399779668242
2.12939171675463
4.1732305659222
3.67528037423429
4.424196715055
1.34126648289975
4.60257239911072
4.60388423341971
16.8817738459363
0.743255701638854
1.15639116719678
0.186623345877638
1.36638568588677
3.92959368222547
4.7122735172069
2.07843463917354
3.60777173548226
0.363958036159897
1.43922564643561
1.25657093663138
2.00834096403905
2.5815752633357
11.3198713830335
2.49034614190504
0.34634202812813
0.453911066762873
2.32060518127694
20.3857684407583
0.846722157086611
4.95747197237475
5.7055963974809
1.13372684536408
2.15299018987117
2.75600608295187
1.05553102425677
2.92014753270077
0.421622379231431
1.76265597982168
0.871685550650213
1.88819875129261
12.9171521960591
1.66893172660275
0.782679751747015
5.51293293653098
0.854656713090366
0.471863260712311
2.61482582188828
0.411326759105626
0.509821623744944
3.24848550609674
8.48082342211953
0.846176439430905
0.295410293826855
1.21419831339663
0.263001576546052
1.17938854302927
1.27530867078851
0.784232190166637
1.41201813951552
1.31847931917393
1.08187712655485
0.680957795150266
0.890680248407319
1.0296428984341
0.443732324916247
0.830612441775125
1.1218928391816
0.54049044446154
